ID	t0-PM2.5
0	30
1	41
2	44
3	33
4	37
5	36
6	45
7	42
8	49
9	45
10	44
11	41
12	30
13	24
14	13
15	21
16	23
17	30
18	30
19	22
20	18
21	13
22	13
23	11
24	22
25	25
26	34
27	38
28	50
29	53
30	43
31	43
32	45
33	46
34	32
35	16
36	19
37	22
38	26
39	19
40	25
41	27
42	20
43	16
44	14
45	15
46	8
47	4
48	9
49	16
50	22
51	23
52	29
53	32
54	36
55	34
56	45
57	40
58	41
59	23
60	29
61	23
62	37
63	27
64	27
65	14
66	20
67	22
68	24
69	26
70	33
71	48
72	50
73	49
74	45
75	63
76	63
77	62
78	55
79	56
80	67
81	78
82	83
83	90
84	75
85	85
86	82
87	80
88	80
89	76
90	81
91	75
92	66
93	70
94	65
95	66
96	57
97	56
98	64
99	67
100	72
101	64
102	73
103	57
104	57
105	53
106	70
107	70
108	60
109	68
110	66
111	66
112	55
113	46
114	46
115	46
116	42
117	35
118	35
119	40
120	45
121	48
122	57
123	57
124	59
125	62
126	59
127	61
128	50
129	60
130	62
131	62
132	50
133	45
134	43
135	41
136	32
137	35
138	31
139	33
140	25
141	36
142	28
143	33
144	29
145	42
146	56
147	66
148	78
149	62
150	61
151	47
152	54
153	57
154	59
155	61
156	43
157	39
158	38
159	48
160	53
161	60
162	60
163	52
164	47
165	45
166	50
167	43
168	40
169	42
170	41
171	39
172	36
173	35
174	36
175	36
176	32
177	33
178	33
179	34
180	21
181	15
182	13
183	18
184	15
185	9
186	9
187	14
188	15
189	20
190	16
191	23
192	16
193	17
194	9
195	7
196	7
197	20
198	20
199	20
200	18
201	18
202	22
203	15
204	11
205	1
206	1
207	6
208	7
209	7
210	0
211	0
212	1
213	1
214	7
215	7
216	8
217	4
218	8
219	12
220	19
221	23
222	20
223	18
224	15
225	16
226	10
227	6
228	11
229	22
230	28
231	25
232	21
233	25
234	24
235	23
236	18
237	20
238	14
239	7
240	17
241	31
242	44
243	43
244	46
245	36
246	36
247	29
248	32
249	33
250	30
251	40
252	36
253	46
254	41
255	48
256	56
257	62
258	52
259	40
260	32
261	37
262	31
263	34
264	32
265	33
266	31
267	21
268	20
269	19
270	24
271	25
272	14
273	16
274	22
275	23
276	18
277	6
278	9
279	10
280	10
281	10
282	13
283	18
284	16
285	7
286	5
287	2
288	11
289	8
290	21
291	17
292	23
293	18
294	29
295	38
296	43
297	44
298	48
299	47
300	36
301	25
302	23
303	29
304	23
305	21
306	21
307	30
308	26
309	26
310	26
311	23
312	16
313	4
314	6
315	6
316	8
317	10
318	6
319	4
320	7
321	14
322	20
323	17
324	14
325	13
326	9
327	9
328	4
329	8
330	5
331	14
332	11
333	13
334	4
335	9
336	15
337	23
338	23
339	18
340	10
341	4
342	13
343	14
344	18
345	20
346	25
347	24
348	14
349	15
350	22
351	21
352	32
353	30
354	36
355	26
356	21
357	19
358	19
359	19
360	18
361	27
362	37
363	39
364	31
365	25
366	22
367	20
368	13
369	8
370	15
371	13
372	22
373	19
374	23
375	15
376	17
377	13
378	21
379	22
380	33
381	28
382	25
383	21
384	23
385	27
386	29
387	30
388	31
389	29
390	31
391	26
392	17
393	13
394	18
395	29
396	22
397	21
398	23
399	34
400	32
401	24
402	23
403	28
404	30
405	32
406	24
407	27
408	17
409	20
410	20
411	29
412	25
413	25
414	22
415	27
416	22
417	31
418	32
419	35
420	25
421	14
422	7
423	0
424	2
425	7
426	11
427	7
428	8
429	12
430	15
431	17
432	9
433	11
434	5
435	7
436	5
437	9
438	6
439	6
440	4
441	4
442	0
443	0
444	0
445	2
446	2
447	2
448	8
449	8
450	8
451	20
452	28
453	36
454	23
455	21
456	25
457	16
458	19
459	17
460	18
461	12
462	13
463	22
464	29
465	21
466	21
467	14
468	16
469	6
470	11
471	10
472	14
473	8
474	23
475	21
476	29
477	29
478	34
479	39
480	40
481	52
482	50
483	50
484	40
485	43
486	46
487	44
488	38
489	36
490	23
491	19
492	7
493	21
494	20
495	25
496	16
497	18
498	20
499	25
500	24
501	25
502	27
503	24
504	23
505	20
506	28
507	41
508	34
509	39
510	32
511	35
512	25
513	13
514	12
515	7
516	7
517	6
518	7
519	9
520	6
521	6
522	4
523	6
524	7
525	15
526	12
527	7
528	0
529	3
530	5
531	9
532	4
533	8
534	4
535	6
536	0
537	0
538	0
539	7
540	7
541	5
542	7
543	10
544	10
545	3
546	0
547	0
548	11
549	12
550	12
551	2
552	6
553	6
554	4
555	0
556	1
557	0
558	0
559	0
560	4
561	4
562	8
563	9
564	13
565	10
566	4
567	0
568	5
569	5
570	5
571	4
572	3
573	11
574	7
575	15
576	8
577	19
578	10
579	9
580	3
581	3
582	4
583	0
584	2
585	1
586	11
587	13
588	13
589	15
590	17
591	23
592	20
593	15
594	12
595	9
596	6
597	4
598	4
599	6
600	6
601	7
602	8
603	8
604	13
605	4
606	12
607	7
608	7
609	1
610	0
611	0
612	1
613	4
614	6
615	4
616	1
617	6
618	9
619	9
620	6
621	14
622	14
623	78
624	45
625	37
626	13
627	12
628	5
629	11
630	8
631	8
632	4
633	10
634	10
635	5
636	1
637	3
638	4
639	1
640	0
641	4
642	10
643	10
644	17
645	14
646	19
647	11
648	16
649	21
650	21
651	21
652	19
653	19
654	11
655	6
656	1
657	1
658	10
659	16
660	19
661	7
662	4
663	6
664	16
665	13
666	9
667	6
668	14
669	18
670	17
671	14
672	18
673	22
674	32
675	31
676	29
677	25
678	26
679	17
680	7
681	1
682	1
683	2
684	5
685	6
686	8
687	3
688	5
689	17
690	19
691	22
692	10
693	19
694	19
695	19
696	17
697	19
698	26
699	26
700	37
701	38
702	32
703	37
704	34
705	30
706	40
707	39
708	35
709	30
710	31
711	35
712	33
713	37
714	43
715	47
716	51
717	51
718	62
719	61
720	47
721	21
722	2
723	0
724	2
725	2
726	2
727	1
728	1
729	4
730	7
731	9
732	8
733	5
734	11
735	15
736	16
737	16
738	14
739	11
740	3
741	0
742	2
743	3
744	3
745	0
746	1
747	1
748	7
749	10
750	18
751	25
752	32
753	35
754	24
755	11
756	9
757	19
758	23
759	22
760	18
761	18
762	13
763	13
764	21
765	24
766	26
767	19
768	20
769	20
770	22
771	26
772	29
773	37
774	37
775	39
776	38
777	41
778	47
779	52
780	56
781	60
782	60
783	59
784	49
785	32
786	24
787	21
788	34
789	28
790	19
791	9
792	3
793	2
794	1
795	5
796	5
797	6
798	7
799	7
800	9
801	3
802	3
803	2
804	4
805	5
806	4
807	10
808	18
809	17
810	17
811	9
812	13
813	5
814	9
815	2
816	4
817	0
818	0
819	0
820	6
821	8
822	14
823	16
824	16
825	24
826	20
827	24
828	29
829	41
830	32
831	23
832	10
833	6
834	1
835	0
836	1
837	4
838	7
839	10
840	8
841	5
842	0
843	0
844	0
845	0
846	0
847	0
848	0
849	13
850	15
851	21
852	15
853	18
854	19
855	20
856	24
857	17
858	21
859	21
860	29
861	23
862	21
863	20
864	18
865	26
866	20
867	21
868	9
869	8
870	18
871	28
872	37
873	21
874	9
875	2
876	6
877	11
878	18
879	18
880	12
881	2
882	0
883	0
884	0
885	4
886	4
887	6
888	1
889	1
890	0
891	0
892	0
893	0
894	0
895	0
896	1
897	9
898	15
899	13
900	8
901	6
902	11
903	14
904	19
905	14
906	10
907	6
908	10
909	9
910	4
911	4
912	7
913	7
914	4
915	1
916	14
917	24
918	31
919	31
920	31
921	33
922	36
923	51
924	70
925	86
926	86
927	74
928	70
929	77
930	85
931	78
932	68
933	62
934	63
935	64
936	61
937	57
938	43
939	34
940	26
941	26
942	36
943	53
944	54
945	59
946	61
947	69
948	66
949	66
950	73
951	71
952	60
953	44
954	45
955	44
956	49
957	46
958	46
959	37
960	28
961	32
962	42
963	42
964	49
965	57
966	80
967	93
968	75
969	54
970	28
971	31
972	47
973	69
974	97
975	98
976	94
977	85
978	68
979	49
980	16
981	6
982	5
983	18
984	19
985	14
986	7
987	7
988	13
989	7
990	5
991	3
992	4
993	7
994	6
995	6
996	3
997	1
998	0
999	0
1000	0
1001	5
1002	10
1003	10
1004	8
1005	7
1006	19
1007	23
1008	34
1009	34
1010	41
1011	39
1012	40
1013	48
1014	47
1015	44
1016	34
1017	40
1018	42
1019	48
1020	39
1021	37
1022	28
1023	36
1024	41
1025	36
1026	24
1027	19
1028	34
1029	36
1030	37
1031	37
1032	40
1033	47
1034	48
1035	62
1036	72
1037	76
1038	78
1039	70
1040	62
1041	49
1042	47
1043	52
1044	62
1045	59
1046	59
1047	61
1048	68
1049	69
1050	57
1051	49
1052	45
1053	6
1054	0
1055	16
1056	18
1057	24
1058	21
1059	20
1060	16
1061	17
1062	21
1063	27
1064	22
1065	22
1066	14
1067	15
1068	17
1069	16
1070	11
1071	3
1072	0
1073	0
1074	1
1075	1
1076	1
1077	0
1078	8
1079	15
1080	26
1081	24
1082	29
1083	33
1084	38
1085	41
1086	36
1087	41
1088	33
1089	37
1090	31
1091	39
1092	50
1093	45
1094	29
1095	4
1096	0
1097	13
1098	24
1099	28
1100	27
1101	28
1102	37
1103	37
1104	42
1105	38
1106	49
1107	54
1108	66
1109	68
1110	56
1111	46
1112	32
1113	36
1114	33
1115	22
1116	9
1117	3
1118	8
1119	20
1120	19
1121	23
1122	16
1123	19
1124	19
1125	23
1126	18
1127	14
1128	6
1129	21
1130	28
1131	39
1132	30
1133	31
1134	39
1135	52
1136	49
1137	33
1138	24
1139	24
1140	29
1141	36
1142	39
1143	41
1144	41
1145	40
1146	42
1147	46
1148	54
1149	59
1150	57
1151	60
1152	64
1153	66
1154	58
1155	44
1156	35
1157	36
1158	37
1159	45
1160	44
1161	47
1162	42
1163	41
1164	41
1165	38
1166	31
1167	22
1168	21
1169	19
1170	16
1171	22
1172	29
1173	41
1174	49
1175	61
1176	72
1177	71
1178	72
1179	62
1180	68
1181	61
1182	57
1183	48
1184	54
1185	61
1186	62
1187	58
1188	57
1189	57
1190	60
1191	57
1192	52
1193	54
1194	53
1195	51
1196	45
1197	35
1198	21
1199	6
1200	0
1201	5
1202	14
1203	16
1204	14
1205	4
1206	8
1207	14
1208	16
1209	14
1210	11
1211	11
1212	15
1213	9
1214	13
1215	6
1216	9
1217	8
1218	7
1219	8
1220	13
1221	13
1222	0
1223	16
1224	19
1225	30
1226	35
1227	24
1228	21
1229	17
1230	26
1231	24
1232	25
1233	26
1234	21
1235	16
1236	16
1237	19
1238	12
1239	12
1240	9
1241	20
1242	23
1243	27
1244	28
1245	35
1246	50
1247	52
1248	39
1249	22
1250	26
1251	26
1252	44
1253	39
1254	38
1255	28
1256	24
1257	27
1258	26
1259	19
1260	13
1261	16
1262	23
1263	27
1264	19
1265	17
1266	16
1267	14
1268	12
1269	12
1270	21
1271	23
1272	25
1273	21
1274	28
1275	17
1276	21
1277	23
1278	27
1279	19
1280	10
1281	14
1282	19
1283	26
1284	27
1285	28
1286	29
1287	30
1288	31
1289	35
1290	43
1291	54
1292	54
1293	59
1294	68
1295	70
1296	67
1297	55
1298	46
1299	39
1300	39
1301	39
1302	41
1303	32
1304	34
1305	34
1306	39
1307	33
1308	29
1309	31
1310	30
1311	29
1312	24
1313	24
1314	27
1315	33
1316	40
1317	43
1318	37
1319	37
1320	32
1321	31
1322	25
1323	33
1324	36
1325	41
1326	37
1327	31
1328	32
1329	29
1330	23
1331	25
1332	26
1333	39
1334	39
1335	37
1336	36
1337	29
1338	34
1339	33
1340	36
1341	34
1342	26
1343	23
1344	21
1345	30
1346	25
1347	31
1348	27
1349	31
1350	19
1351	16
1352	12
1353	22
1354	24
1355	39
1356	37
1357	42
1358	26
1359	22
1360	11
1361	14
1362	11
1363	19
1364	21
1365	24
1366	14
1367	9
1368	2
1369	6
1370	9
1371	20
1372	25
1373	29
1374	25
1375	22
1376	16
1377	10
1378	15
1379	22
1380	22
1381	19
1382	15
1383	24
1384	29
1385	34
1386	33
1387	34
1388	35
1389	41
1390	42
1391	50
1392	55
1393	56
1394	55
1395	0
1396	48
1397	45
1398	35
1399	38
1400	48
1401	44
1402	32
1403	17
1404	29
1405	29
1406	36
1407	32
1408	41
1409	36
1410	33
1411	28
1412	22
1413	18
1414	10
1415	13
1416	8
1417	10
1418	4
1419	5
1420	9
1421	9
1422	9
1423	9
1424	9
1425	4
1426	0
1427	0
1428	11
1429	11
1430	19
1431	22
1432	28
1433	31
1434	34
1435	36
1436	25
1437	12
1438	4
1439	6
1440	11
1441	18
1442	21
1443	10
1444	9
1445	8
1446	14
1447	13
1448	13
1449	7
1450	2
1451	2
1452	7
1453	13
1454	26
1455	46
1456	60
1457	57
1458	51
1459	42
1460	36
1461	32
1462	23
1463	28
1464	20
1465	24
1466	19
1467	21
1468	20
1469	12
1470	3
1471	7
1472	7
1473	10
1474	12
1475	12
1476	10
1477	8
1478	20
1479	38
1480	36
1481	33
1482	24
1483	19
1484	25
1485	26
1486	38
1487	29
1488	30
1489	16
1490	14
1491	11
1492	14
1493	10
1494	4
1495	4
1496	11
1497	11
1498	5
1499	0
1500	0
1501	0
1502	0
1503	0
1504	0
1505	1
1506	3
1507	3
1508	5
1509	4
1510	7
1511	2
1512	2
1513	2
1514	2
1515	2
1516	0
1517	0
1518	0
1519	4
1520	7
1521	14
1522	8
1523	5
1524	0
1525	0
1526	7
1527	16
1528	15
1529	9
1530	3
1531	14
1532	13
1533	10
1534	0
1535	0
1536	0
1537	9
1538	9
1539	9
1540	0
1541	0
1542	0
1543	0
1544	0
1545	0
1546	0
1547	0
1548	0
1549	0
1550	0
1551	2
1552	9
1553	9
1554	15
1555	15
1556	9
1557	19
1558	17
1559	24
1560	19
1561	21
1562	14
1563	10
1564	3
1565	9
1566	15
1567	23
1568	17
1569	11
1570	9
1571	8
1572	6
1573	0
1574	11
1575	18
1576	25
1577	20
1578	23
1579	23
1580	17
1581	18
1582	14
1583	16
1584	14
1585	9
1586	6
1587	5
1588	6
1589	5
1590	0
1591	0
1592	9
1593	33
1594	39
1595	44
1596	34
1597	39
1598	31
1599	16
1600	24
1601	32
1602	57
1603	59
1604	57
1605	39
1606	27
1607	26
1608	38
1609	42
1610	44
1611	39
1612	39
1613	34
1614	20
1615	9
1616	1
1617	9
1618	9
1619	14
1620	6
1621	3
1622	0
1623	6
1624	17
1625	34
1626	35
1627	31
1628	17
1629	19
1630	14
1631	12
1632	4
1633	9
1634	11
1635	9
1636	2
1637	0
1638	0
1639	2
1640	11
1641	13
1642	9
1643	2
1644	0
1645	0
1646	0
1647	6
1648	10
1649	10
1650	9
1651	7
1652	19
1653	27
1654	37
1655	26
1656	12
1657	9
1658	17
1659	17
1660	8
1661	0
1662	0
1663	0
1664	9
1665	7
1666	9
1667	0
1668	0
1669	3
1670	3
1671	3
1672	0
1673	8
1674	16
1675	23
1676	16
1677	11
1678	6
1679	8
1680	6
1681	8
1682	9
1683	8
1684	9
1685	6
1686	6
1687	1
1688	4
1689	4
1690	1
1691	0
1692	0
1693	0
1694	0
1695	4
1696	7
1697	7
1698	4
1699	5
1700	14
1701	14
1702	7
1703	0
1704	6
1705	6
1706	6
1707	0
1708	0
1709	2
1710	9
1711	8
1712	6
1713	0
1714	6
1715	15
1716	16
1717	16
1718	10
1719	11
1720	14
1721	14
1722	13
1723	5
1724	2
1725	4
1726	1
1727	7
1728	5
1729	6
1730	6
1731	16
1732	21
1733	18
1734	4
1735	4
1736	4
1737	0
1738	5
1739	6
1740	6
1741	0
1742	5
1743	5
1744	8
1745	2
1746	2
1747	0
1748	6
1749	6
1750	5
1751	0
1752	0
1753	0
1754	0
1755	25
1756	33
1757	36
1758	37
1759	32
1760	37
1761	37
1762	38
1763	37
1764	41
1765	35
1766	32
1767	27
1768	32
1769	34
1770	34
1771	23
1772	11
1773	7
1774	10
1775	17
1776	12
1777	10
1778	6
1779	13
1780	17
1781	22
1782	24
1783	20
1784	13
1785	11
1786	13
1787	20
1788	15
1789	14
1790	10
1791	11
1792	6
1793	6
1794	5
1795	9
1796	7
1797	6
1798	1
1799	1
1800	10
1801	11
1802	12
1803	2
1804	1
1805	0
1806	0
1807	6
1808	14
1809	15
1810	9
1811	1
1812	0
1813	4
1814	6
1815	15
1816	13
1817	16
1818	9
1819	6
1820	1
1821	0
1822	1
1823	4
1824	11
1825	14
1826	14
1827	14
1828	12
1829	18
1830	23
1831	32
1832	39
1833	37
1834	33
1835	29
1836	29
1837	31
1838	29
1839	31
1840	34
1841	33
1842	27
1843	13
1844	5
1845	0
1846	3
1847	7
1848	9
1849	12
1850	11
1851	15
1852	23
1853	22
1854	23
1855	11
1856	11
1857	11
1858	11
1859	3
1860	8
1861	15
1862	20
1863	22
1864	14
1865	11
1866	4
1867	6
1868	7
1869	13
1870	12
1871	16
1872	12
1873	10
1874	2
1875	3
1876	9
1877	17
1878	13
1879	12
1880	15
1881	27
1882	31
1883	22
1884	14
1885	14
1886	16
1887	15
1888	13
1889	14
1890	11
1891	5
1892	0
1893	0
1894	0
1895	0
1896	0
1897	0
1898	2
1899	4
1900	6
1901	4
1902	6
1903	11
1904	18
1905	19
1906	12
1907	4
1908	0
1909	4
1910	6
1911	9
1912	13
1913	15
1914	17
1915	12
1916	11
1917	6
1918	3
1919	0
1920	3
1921	3
1922	2
1923	0
1924	0
1925	10
1926	17
1927	23
1928	12
1929	12
1930	12
1931	16
1932	8
1933	8
1934	10
1935	18
1936	17
1937	16
1938	8
1939	3
1940	6
1941	7
1942	7
1943	0
1944	0
1945	0
1946	0
1947	8
1948	11
1949	16
1950	7
1951	5
1952	4
1953	7
1954	10
1955	12
1956	11
1957	14
1958	11
1959	14
1960	13
1961	19
1962	12
1963	13
1964	6
1965	6
1966	4
1967	9
1968	13
1969	9
1970	6
1971	4
1972	11
1973	10
1974	14
1975	9
1976	11
1977	10
1978	15
1979	10
1980	10
1981	3
1982	3
1983	2
1984	2
1985	2
1986	0
1987	0
1988	0
1989	10
1990	10
1991	10
1992	1
1993	9
1994	11
1995	9
1996	1
1997	9
1998	16
1999	16
2000	6
2001	4
2002	5
2003	11
2004	8
2005	6
2006	11
2007	9
2008	12
2009	1
2010	1
2011	0
2012	0
2013	0
2014	0
2015	5
2016	4
2017	6
2018	4
2019	4
2020	14
2021	14
2022	16
2023	21
2024	11
2025	25
2026	36
2027	37
2028	32
2029	32
2030	33
2031	27
2032	21
2033	32
2034	34
2035	29
2036	24
2037	20
2038	25
2039	21
2040	27
2041	31
2042	28
2043	25
2044	33
2045	39
2046	39
2047	27
2048	35
2049	45
2050	62
2051	56
2052	44
2053	31
2054	20
2055	21
2056	9
2057	14
2058	6
2059	15
2060	9
2061	8
2062	0
2063	0
2064	0
2065	0
2066	0
2067	7
2068	29
2069	42
2070	54
2071	57
2072	56
2073	45
2074	25
2075	26
2076	24
2077	25
2078	18
2079	19
2080	15
2081	16
2082	14
2083	26
2084	24
2085	32
2086	34
2087	35
2088	35
2089	37
2090	50
2091	42
2092	34
2093	25
2094	22
2095	22
2096	14
2097	11
2098	7
2099	9
2100	17
2101	20
2102	16
2103	9
2104	1
2105	5
2106	41
2107	40
2108	46
2109	34
2110	45
2111	30
2112	9
2113	24
2114	23
2115	19
2116	1
2117	6
2118	18
2119	16
2120	24
2121	25
2122	28
2123	17
2124	6
2125	10
2126	20
2127	25
2128	21
2129	10
2130	15
2131	38
2132	43
2133	62
2134	62
2135	56
2136	39
2137	26
2138	49
2139	49
2140	84
2141	53
2142	112
2143	69
2144	80
2145	18
2146	49
2147	70
2148	76
2149	25
2150	7
2151	7
2152	7
2153	15
2154	20
2155	30
2156	30
2157	29
2158	27
2159	26
2160	27
2161	27
2162	20
2163	13
2164	37
2165	63
2166	42
2167	26
2168	29
2169	29
2170	41
2171	22
2172	30
2173	36
2174	37
2175	31
2176	29
2177	41
2178	50
2179	43
2180	36
2181	41
2182	58
2183	58
2184	54
2185	58
2186	46
2187	36
2188	28
2189	29
2190	25
2191	12
2192	6
2193	7
2194	8
2195	15
2196	26
2197	31
2198	53
2199	51
2200	64
2201	30
2202	28
2203	26
2204	30
2205	37
2206	53
2207	67
2208	63
2209	63
2210	63
2211	21
2212	9
2213	17
2214	15
2215	22
2216	15
2217	22
2218	15
2219	17
2220	6
2221	13
2222	13
2223	24
2224	25
2225	26
2226	23
2227	30
2228	41
2229	51
2230	48
2231	37
2232	26
2233	32
2234	31
2235	30
2236	23
2237	24
2238	29
2239	32
2240	40
2241	37
2242	32
2243	17
2244	24
2245	15
2246	21
2247	14
2248	20
2249	22
2250	20
2251	28
2252	20
2253	23
2254	23
2255	29
2256	29
2257	15
2258	14
2259	7
2260	16
2261	14
2262	13
2263	4
2264	7
2265	11
2266	12
2267	7
2268	0
2269	0
2270	0
2271	4
2272	4
2273	7
2274	4
2275	13
2276	12
2277	20
2278	0
2279	0
2280	27
2281	22
2282	17
2283	21
2284	21
2285	14
2286	14
2287	14
2288	14
2289	18
2290	15
2291	14
2292	16
2293	20
2294	18
2295	25
2296	17
2297	21
2298	22
2299	20
2300	24
2301	28
2302	41
2303	47
2304	44
2305	41
2306	51
2307	51
2308	57
2309	36
2310	23
2311	18
2312	16
2313	29
2314	17
2315	22
2316	10
2317	10
2318	9
2319	7
2320	16
2321	10
2322	9
2323	9
2324	15
2325	17
2326	12
2327	9
2328	14
2329	16
2330	16
2331	19
2332	19
2333	22
2334	17
2335	11
2336	5
2337	9
2338	10
2339	12
2340	4
2341	2
2342	3
2343	3
2344	8
2345	5
2346	14
2347	17
2348	21
2349	17
2350	14
2351	20
2352	16
2353	22
2354	13
2355	14
2356	13
2357	13
2358	16
2359	5
2360	5
2361	2
2362	5
2363	4
2364	3
2365	4
2366	9
2367	13
2368	11
2369	13
2370	6
2371	16
2372	11
2373	23
2374	14
2375	22
2376	19
2377	20
2378	14
2379	9
2380	13
2381	16
2382	19
2383	22
2384	17
2385	9
2386	0
2387	3
2388	3
2389	10
2390	11
2391	18
2392	11
2393	11
2394	8
2395	11
2396	16
2397	23
2398	25
2399	17
2400	11
2401	6
2402	7
2403	9
2404	12
2405	14
2406	11
2407	16
2408	11
2409	14
2410	7
2411	7
2412	5
2413	3
2414	3
2415	6
2416	6
2417	12
2418	7
2419	18
2420	21
2421	21
2422	34
2423	27
2424	21
2425	15
2426	13
2427	11
2428	9
2429	15
2430	20
2431	18
2432	16
2433	19
2434	13
2435	12
2436	13
2437	15
2438	13
2439	9
2440	7
2441	21
2442	21
2443	36
2444	22
2445	22
2446	16
2447	14
2448	12
2449	6
2450	11
2451	15
2452	12
2453	13
2454	13
2455	21
2456	18
2457	20
2458	17
2459	25
2460	21
2461	29
2462	31
2463	26
2464	33
2465	38
2466	38
2467	32
2468	28
2469	33
2470	29
2471	25
2472	22
2473	20
2474	19
2475	21
2476	20
2477	18
2478	12
2479	15
2480	13
2481	18
2482	27
2483	30
2484	44
2485	48
2486	65
2487	50
2488	38
2489	10
2490	15
2491	15
2492	15
2493	13
2494	12
2495	22
2496	27
2497	23
2498	20
2499	12
2500	21
2501	18
2502	20
2503	22
2504	20
2505	24
2506	12
2507	21
2508	16
2509	22
2510	15
2511	22
2512	16
2513	23
2514	22
2515	19
2516	7
2517	0
2518	2
2519	5
2520	7
2521	3
2522	1
2523	0
2524	2
2525	3
2526	3
2527	2
2528	3
2529	12
2530	12
2531	19
2532	21
2533	27
2534	22
2535	15
2536	21
2537	17
2538	13
2539	9
2540	14
2541	19
2542	10
2543	10
2544	17
2545	17
2546	13
2547	2
2548	6
2549	12
2550	22
2551	19
2552	14
2553	6
2554	16
2555	11
2556	12
2557	0
2558	6
2559	11
2560	15
2561	14
2562	7
2563	5
2564	4
2565	2
2566	6
2567	4
2568	11
2569	9
2570	13
2571	12
2572	16
2573	13
2574	6
2575	11
2576	9
2577	11
2578	1
2579	10
2580	7
2581	20
2582	16
2583	27
2584	30
2585	38
2586	37
2587	29
2588	27
2589	19
2590	22
2591	22
2592	23
2593	25
2594	21
2595	27
2596	22
2597	27
2598	19
2599	22
2600	21
2601	33
2602	28
2603	28
2604	34
2605	37
2606	35
2607	35
2608	22
2609	13
2610	15
2611	11
2612	22
2613	17
2614	15
2615	5
2616	8
2617	6
2618	11
2619	4
2620	4
2621	6
2622	10
2623	10
2624	6
2625	3
2626	5
2627	2
2628	8
2629	14
2630	21
2631	22
2632	26
2633	26
2634	25
2635	16
2636	13
2637	6
2638	3
2639	4
2640	6
2641	6
2642	5
2643	5
2644	9
2645	5
2646	7
2647	4
2648	7
2649	13
2650	13
2651	20
2652	17
2653	22
2654	24
2655	23
2656	16
2657	6
2658	7
2659	7
2660	11
2661	8
2662	8
2663	6
2664	4
2665	11
2666	9
2667	13
2668	8
2669	5
2670	10
2671	8
2672	8
2673	3
2674	4
2675	6
2676	9
2677	8
2678	7
2679	0
2680	3
2681	7
2682	10
2683	9
2684	7
2685	4
2686	11
2687	11
2688	11
2689	2
2690	7
2691	7
2692	10
2693	12
2694	16
2695	13
2696	7
2697	8
2698	11
2699	11
2700	11
2701	16
2702	11
2703	7
2704	3
2705	3
2706	4
2707	1
2708	2
2709	0
2710	0
2711	3
2712	5
2713	6
2714	2
2715	6
2716	4
2717	5
2718	4
2719	4
2720	6
2721	1
2722	9
2723	14
2724	22
2725	17
2726	12
2727	7
2728	9
2729	15
2730	31
2731	35
2732	37
2733	20
2734	10
2735	4
2736	2
2737	6
2738	5
2739	7
2740	2
2741	5
2742	5
2743	5
2744	2
2745	1
2746	1
2747	1
2748	1
2749	1
2750	2
2751	14
2752	12
2753	13
2754	8
2755	9
2756	9
2757	3
2758	15
2759	11
2760	20
2761	10
2762	12
2763	7
2764	7
2765	5
2766	4
2767	2
2768	4
2769	7
2770	6
2771	11
2772	6
2773	9
2774	6
2775	13
2776	11
2777	13
2778	6
2779	10
2780	4
2781	5
2782	2
2783	2
2784	10
2785	8
2786	14
2787	10
2788	19
2789	16
2790	18
2791	13
2792	11
2793	6
2794	15
2795	12
2796	18
2797	11
2798	23
2799	25
2800	21
2801	20
2802	19
2803	16
2804	19
2805	18
2806	27
2807	15
2808	10
2809	10
2810	7
2811	12
2812	7
2813	11
2814	10
2815	21
2816	25
2817	22
2818	18
2819	20
2820	25
2821	25
2822	16
2823	14
2824	11
2825	10
2826	18
2827	35
2828	32
2829	28
2830	14
2831	24
2832	27
2833	30
2834	37
2835	37
2836	34
2837	28
2838	16
2839	16
2840	16
2841	15
2842	11
2843	19
2844	20
2845	19
2846	20
2847	16
2848	27
2849	18
2850	16
2851	8
2852	8
2853	12
2854	20
2855	18
2856	21
2857	15
2858	23
2859	22
2860	26
2861	22
2862	27
2863	20
2864	17
2865	13
2866	13
2867	12
2868	10
2869	7
2870	9
2871	12
2872	9
2873	11
2874	10
2875	13
2876	14
2877	7
2878	6
2879	11
2880	18
2881	27
2882	25
2883	27
2884	20
2885	27
2886	29
2887	32
2888	29
2889	29
2890	29
2891	24
2892	29
2893	29
2894	31
2895	20
2896	20
2897	16
2898	22
2899	18
2900	26
2901	14
2902	12
2903	11
2904	15
2905	33
2906	36
2907	50
2908	35
2909	34
2910	24
2911	25
2912	12
2913	12
2914	10
2915	16
2916	18
2917	18
2918	22
2919	25
2920	26
2921	20
2922	16
2923	17
2924	18
2925	10
2926	13
2927	22
2928	28
2929	31
2930	34
2931	43
2932	51
2933	44
2934	39
2935	19
2936	21
2937	20
2938	22
2939	21
2940	14
2941	20
2942	20
2943	20
2944	21
2945	22
2946	34
2947	25
2948	22
2949	13
2950	16
2951	18
2952	22
2953	27
2954	20
2955	16
2956	11
2957	22
2958	25
2959	33
2960	30
2961	36
2962	39
2963	37
2964	28
2965	24
2966	24
2967	29
2968	28
2969	20
2970	13
2971	8
2972	8
2973	3
2974	7
2975	22
2976	34
2977	27
2978	20
2979	18
2980	20
2981	13
2982	7
2983	11
2984	13
2985	10
2986	11
2987	18
2988	16
2989	18
2990	11
2991	19
2992	18
2993	16
2994	11
2995	6
2996	9
2997	9
2998	11
2999	9
3000	6
3001	13
3002	23
3003	31
3004	20
3005	23
3006	21
3007	22
3008	18
3009	19
3010	22
3011	12
3012	11
3013	10
3014	8
3015	4
3016	5
3017	5
3018	6
3019	4
3020	4
3021	10
3022	9
3023	11
3024	4
3025	4
3026	12
3027	20
3028	25
3029	14
3030	13
3031	13
3032	11
3033	15
3034	17
3035	16
3036	19
3037	12
3038	16
3039	15
3040	16
3041	8
3042	9
3043	7
3044	6
3045	7
3046	5
3047	10
3048	15
3049	24
3050	38
3051	32
3052	39
3053	27
3054	29
3055	23
3056	18
3057	25
3058	15
3059	23
3060	19
3061	26
3062	23
3063	23
3064	22
3065	30
3066	35
3067	29
3068	34
3069	22
3070	29
3071	20
3072	19
3073	21
3074	14
3075	18
3076	7
3077	14
3078	10
3079	19
3080	16
3081	17
3082	13
3083	13
3084	11
3085	15
3086	9
3087	10
3088	2
3089	10
3090	7
3091	7
3092	1
3093	2
3094	2
3095	7
3096	9
3097	10
3098	10
3099	7
3100	8
3101	4
3102	9
3103	10
3104	11
3105	16
3106	13
3107	16
3108	9
3109	9
3110	7
3111	4
3112	4
3113	2
3114	2
3115	4
3116	1
3117	3
3118	2
3119	8
3120	15
3121	22
3122	20
3123	20
3124	20
3125	16
3126	14
3127	7
3128	15
3129	18
3130	25
3131	24
3132	24
3133	19
3134	13
3135	18
3136	23
3137	25
3138	16
3139	9
3140	11
3141	11
3142	15
3143	19
3144	28
3145	33
3146	40
3147	48
3148	57
3149	50
3150	35
3151	28
3152	19
3153	19
3154	11
3155	18
3156	18
3157	27
3158	22
3159	42
3160	37
3161	38
3162	39
3163	31
3164	30
3165	17
3166	25
3167	23
3168	29
3169	30
3170	22
3171	17
3172	8
3173	12
3174	7
3175	11
3176	17
3177	18
3178	20
3179	10
3180	9
3181	9
3182	16
3183	16
3184	18
3185	20
3186	27
3187	27
3188	21
3189	25
3190	21
3191	22
3192	23
3193	21
3194	19
3195	15
3196	19
3197	17
3198	19
3199	16
3200	20
3201	14
3202	8
3203	6
3204	4
3205	6
3206	7
3207	12
3208	18
3209	21
3210	22
3211	19
3212	24
3213	28
3214	24
3215	24
3216	17
3217	27
3218	20
3219	25
3220	23
3221	25
3222	24
3223	28
3224	25
3225	22
3226	20
3227	25
3228	31
3229	30
3230	24
3231	19
3232	18
3233	13
3234	8
3235	6
3236	11
3237	11
3238	9
3239	15
3240	17
3241	22
3242	18
3243	28
3244	18
3245	11
3246	9
3247	9
3248	9
3249	0
3250	6
3251	7
3252	8
3253	3
3254	2
3255	1
3256	8
3257	11
3258	19
3259	13
3260	13
3261	6
3262	7
3263	16
3264	23
3265	21
3266	17
3267	18
3268	22
3269	25
3270	25
3271	27
3272	23
3273	15
3274	17
3275	16
3276	25
3277	22
3278	24
3279	27
3280	27
3281	35
3282	26
3283	26
3284	26
3285	32
3286	37
3287	32
3288	36
3289	26
3290	31
3291	25
3292	36
3293	33
3294	31
3295	24
3296	17
3297	21
3298	26
3299	24
3300	22
3301	16
3302	26
3303	30
3304	28
3305	24
3306	15
3307	18
3308	13
3309	11
3310	14
3311	11
3312	20
3313	19
3314	17
3315	7
3316	6
3317	13
3318	16
3319	9
3320	3
3321	4
3322	4
3323	7
3324	7
3325	9
3326	13
3327	11
3328	21
3329	21
3330	21
3331	23
3332	20
3333	19
3334	29
3335	33
3336	30
3337	32
3338	18
3339	25
3340	11
3341	14
3342	1
3343	8
3344	12
3345	13
3346	13
3347	9
3348	11
3349	6
3350	8
3351	6
3352	12
3353	14
3354	19
3355	12
3356	18
3357	23
3358	29
3359	16
3360	11
3361	5
3362	4
3363	2
3364	2
3365	2
3366	0
3367	7
3368	7
3369	8
3370	0
3371	7
3372	13
3373	14
3374	11
3375	4
3376	7
3377	6
3378	7
3379	6
3380	3
3381	4
3382	2
3383	4
3384	4
3385	11
3386	8
3387	15
3388	7
3389	13
3390	6
3391	6
3392	4
3393	4
3394	4
3395	10
3396	9
3397	18
3398	10
3399	13
3400	11
3401	10
3402	16
3403	15
3404	23
3405	17
3406	15
3407	14
3408	15
3409	11
3410	20
3411	16
3412	25
3413	15
3414	16
3415	8
3416	10
3417	20
3418	18
3419	14
3420	3
3421	9
3422	16
3423	24
3424	29
3425	22
3426	19
3427	15
3428	18
3429	15
3430	25
3431	23
3432	29
3433	25
3434	21
3435	14
3436	6
3437	6
3438	7
3439	5
3440	14
3441	13
3442	24
3443	22
3444	21
3445	18
3446	18
3447	28
3448	26
3449	31
3450	30
3451	34
3452	36
3453	35
3454	38
3455	45
3456	56
3457	56
3458	43
3459	35
3460	26
3461	21
3462	7
3463	17
3464	20
3465	20
3466	18
3467	16
3468	16
3469	16
3470	14
3471	22
3472	23
3473	23
3474	21
3475	17
3476	32
3477	43
3478	40
3479	48
3480	42
3481	49
3482	37
3483	41
3484	39
3485	37
3486	31
3487	29
3488	24
3489	21
3490	15
3491	18
3492	12
3493	15
3494	20
3495	26
3496	31
3497	34
3498	40
3499	39
3500	43
3501	45
3502	58
3503	47
3504	54
3505	44
3506	56
3507	53
3508	58
3509	43
3510	55
3511	59
3512	54
3513	60
3514	53
3515	59
3516	46
3517	44
3518	29
3519	27
3520	26
3521	27
3522	35
3523	35
3524	41
3525	29
3526	37
3527	28
3528	36
3529	34
3530	37
3531	31
3532	33
3533	33
3534	38
3535	31
3536	23
3537	16
3538	10
3539	13
3540	15
3541	13
3542	13
3543	5
3544	7
3545	5
3546	16
3547	20
3548	25
3549	17
3550	15
3551	8
3552	11
3553	10
3554	17
3555	16
3556	12
3557	6
3558	10
3559	19
3560	19
3561	34
3562	38
3563	37
3564	31
3565	26
3566	25
3567	18
3568	13
3569	16
3570	19
3571	23
3572	14
3573	9
3574	7
3575	11
3576	8
3577	7
3578	8
3579	17
3580	19
3581	13
3582	6
3583	7
3584	16
3585	23
3586	24
3587	23
3588	23
3589	17
3590	12
3591	9
3592	10
3593	11
3594	12
3595	21
3596	16
3597	12
3598	8
3599	14
3600	14
3601	20
3602	24
3603	34
3604	31
3605	25
3606	20
3607	29
3608	42
3609	38
3610	37
3611	40
3612	50
3613	51
3614	41
3615	28
3616	21
3617	20
3618	21
3619	21
3620	20
3621	22
3622	18
3623	22
3624	18
3625	15
3626	5
3627	11
3628	19
3629	26
3630	23
3631	22
3632	20
3633	18
3634	20
3635	19
3636	26
3637	23
3638	28
3639	26
3640	29
3641	24
3642	23
3643	17
3644	18
3645	15
3646	19
3647	13
3648	11
3649	9
3650	9
3651	9
3652	6
3653	24
3654	37
3655	38
3656	32
3657	35
3658	37
3659	38
3660	27
3661	21
3662	18
3663	15
3664	22
3665	25
3666	29
3667	24
3668	24
3669	32
3670	41
3671	50
3672	46
3673	45
3674	36
3675	35
3676	36
3677	33
3678	29
3679	34
3680	32
3681	44
3682	64
3683	94
3684	88
3685	70
3686	71
3687	81
3688	83
3689	63
3690	53
3691	38
3692	29
3693	24
3694	24
3695	19
3696	15
3697	6
3698	1
3699	0
3700	1
3701	1
3702	5
3703	7
3704	9
3705	9
3706	5
3707	8
3708	4
3709	11
3710	6
3711	6
3712	0
3713	5
3714	6
3715	10
3716	4
3717	3
3718	0
3719	0
3720	0
3721	0
3722	0
3723	0
3724	0
3725	4
3726	12
3727	12
3728	18
3729	18
3730	21
3731	32
3732	33
3733	21
3734	13
3735	1
3736	4
3737	5
3738	14
3739	18
3740	19
3741	11
3742	6
3743	14
3744	12
3745	12
3746	0
3747	2
3748	7
3749	12
3750	23
3751	36
3752	44
3753	47
3754	44
3755	39
3756	32
3757	17
3758	19
3759	27
3760	41
3761	45
3762	41
3763	40
3764	28
3765	21
3766	16
3767	26
3768	18
3769	11
3770	6
3771	7
3772	12
3773	4
3774	6
3775	1
3776	1
3777	0
3778	6
3779	18
3780	30
3781	30
3782	18
3783	11
3784	10
3785	21
3786	17
3787	18
3788	14
3789	14
3790	11
3791	14
3792	14
3793	10
3794	4
3795	9
3796	14
3797	10
3798	17
3799	11
3800	17
3801	8
3802	14
3803	16
3804	26
3805	33
3806	33
3807	37
3808	26
3809	21
3810	18
3811	24
3812	20
3813	9
3814	6
3815	6
3816	5
3817	0
3818	4
3819	7
3820	9
3821	12
3822	14
3823	19
3824	13
3825	11
3826	9
3827	6
3828	3
3829	3
3830	13
3831	19
3832	15
3833	4
3834	7
3835	12
3836	13
3837	9
3838	4
3839	6
3840	1
3841	1
3842	0
3843	0
3844	0
3845	4
3846	6
3847	6
3848	0
3849	2
3850	14
3851	34
3852	54
3853	69
3854	66
3855	59
3856	36
3857	33
3858	18
3859	11
3860	0
3861	0
3862	3
3863	4
3864	4
3865	4
3866	1
3867	18
3868	30
3869	33
3870	15
3871	10
3872	10
3873	16
3874	20
3875	21
3876	14
3877	6
3878	0
3879	10
3880	15
3881	24
3882	15
3883	14
3884	14
3885	21
3886	21
3887	21
3888	22
3889	16
3890	12
3891	4
3892	13
3893	13
3894	17
3895	7
3896	5
3897	4
3898	20
3899	19
3900	20
3901	5
3902	12
3903	15
3904	22
3905	14
3906	6
3907	4
3908	13
3909	20
3910	31
3911	32
3912	37
3913	28
3914	32
3915	38
3916	36
3917	35
3918	27
3919	24
3920	21
3921	26
3922	34
3923	29
3924	21
3925	21
3926	21
3927	0
3928	0
3929	0
3930	0
3931	0
3932	0
3933	0
3934	0
3935	0
3936	0
3937	0
3938	0
3939	10
3940	18
3941	18
3942	18
3943	18
3944	18
3945	18
3946	18
3947	18
3948	20
3949	20
3950	20
3951	20
3952	20
3953	21
3954	29
3955	29
3956	27
3957	21
3958	13
3959	4
3960	7
3961	12
3962	13
3963	11
3964	18
3965	28
3966	33
3967	37
3968	30
3969	19
3970	7
3971	7
3972	7
3973	2
3974	0
3975	0
3976	1
3977	5
3978	9
3979	8
3980	2
3981	1
3982	4
3983	7
3984	10
3985	16
3986	15
3987	16
3988	22
3989	25
3990	27
3991	18
3992	19
3993	12
3994	10
3995	6
3996	8
3997	6
3998	19
3999	21
4000	20
4001	4
4002	0
4003	0
4004	0
4005	3
4006	14
4007	19
4008	29
4009	29
4010	34
4011	35
4012	36
4013	40
4014	31
4015	35
4016	37
4017	35
4018	34
4019	26
4020	27
4021	15
4022	11
4023	11
4024	14
4025	15
4026	15
4027	17
4028	23
4029	24
4030	22
4031	13
4032	0
4033	0
4034	7
4035	12
4036	15
4037	25
4038	37
4039	36
4040	34
4041	22
4042	13
4043	4
4044	4
4045	11
4046	22
4047	23
4048	16
4049	9
4050	4
4051	6
4052	3
4053	13
4054	22
4055	26
4056	18
4057	22
4058	33
4059	40
4060	40
4061	32
4062	30
4063	30
4064	34
4065	37
4066	37
4067	26
4068	18
4069	19
4070	38
4071	52
4072	53
4073	39
4074	17
4075	9
4076	6
4077	12
4078	16
4079	15
4080	16
4081	20
4082	30
4083	24
4084	32
4085	33
4086	40
4087	24
4088	15
4089	7
4090	16
4091	19
4092	23
4093	11
4094	6
4095	1
4096	1
4097	1
4098	0
4099	0
4100	1
4101	1
4102	5
4103	4
4104	4
4105	4
4106	7
4107	13
4108	17
4109	17
4110	11
4111	20
4112	29
4113	33
4114	19
4115	6
4116	6
4117	14
4118	12
4119	12
4120	2
4121	4
4122	1
4123	1
4124	3
4125	4
4126	4
4127	0
4128	1
4129	12
4130	26
4131	39
4132	46
4133	48
4134	51
4135	43
4136	34
4137	33
4138	36
4139	28
4140	24
4141	16
4142	27
4143	21
4144	22
4145	27
4146	29
4147	37
4148	23
4149	17
4150	14
4151	19
4152	25
4153	23
4154	23
4155	19
4156	21
4157	29
4158	38
4159	37
4160	33
4161	21
4162	24
4163	21
4164	26
4165	19
4166	17
4167	19
4168	32
4169	26
4170	21
4171	6
4172	17
4173	14
4174	21
4175	14
4176	32
4177	31
4178	47
4179	55
4180	66
4181	70
4182	66
4183	66
4184	70
4185	70
4186	59
4187	53
4188	49
4189	57
4190	53
4191	65
4192	64
4193	68
4194	52
4195	42
4196	31
4197	27
4198	35
4199	42
4200	41
4201	29
4202	21
4203	17
4204	24
4205	23
4206	18
4207	23
4208	21
4209	27
4210	14
4211	10
